params = 1.0e+05 * [0.000176075811029, 3.098592734707340, 0.274011747614610];
solution = fminsearch(@test, params)

% ACTUAL BEST DATA: 1.0e+05 *
%    0.000176075811029   3.098592734707340   0.274011747614610